           1           1  -1.2422375351177699E-002   1.2422375351199000E-002  -1.2422375351199000E-002   1.2422375351177699E-002
           1           3  -2.4290195690356599E-002   1.5578871563278500E-002  -1.5578871563278500E-002   2.4290195690356599E-002
           1           5  -1.5578871727348700E-002   2.4290195928312198E-002  -2.4290195928312198E-002   1.5578871727348700E-002
           1           7  -1.2422376473765800E-002   1.2422376503934801E-002  -1.2422376503934801E-002   1.2422376473765800E-002
           1           9  -2.4290195936246199E-002   1.5578871810393500E-002  -1.5578871810393500E-002   2.4290195936246199E-002
           1          11  -1.5578871809945400E-002   2.4290195936295899E-002  -2.4290195936295899E-002   1.5578871809945400E-002
           3           1  -1.5578871562917001E-002   2.4290195690690401E-002  -2.4290195690690401E-002   1.5578871562917001E-002
           3           3  -4.8978317456819398E-011   4.8609898576681999E-011  -4.8609898576681999E-011   4.8978317456819398E-011
           3           5  -2.4290195936141502E-002   1.5578871810249400E-002  -1.5578871810249400E-002   2.4290195936141502E-002
           3           7  -5.5811270685022799E-002   2.7267422137123399E-002  -2.7267422137123399E-002   5.5811270685022799E-002
           3           9  -6.1071021364909203E-002   6.1071021364141900E-002  -6.1071021364141900E-002   6.1071021364909203E-002
           3          11  -2.7267422137933300E-002   5.5811270684287900E-002  -5.5811270684287900E-002   2.7267422137933300E-002
           5           1  -2.4290195928820299E-002   1.5578871727105200E-002  -1.5578871727105200E-002   2.4290195928820299E-002
           5           3  -1.5578871809976400E-002   2.4290195936071901E-002  -2.4290195936071901E-002   1.5578871809976400E-002
           5           5  -6.1071021364769100E-002   6.1071021363613601E-002  -6.1071021363613601E-002   6.1071021364769100E-002
           5           7 -0.10596216407698400        9.4336062388030495E-002  -9.4336062388030495E-002  0.10596216407698400     
           5           9  -9.4336062388019504E-002  0.10596216407698800      -0.10596216407698800        9.4336062388019504E-002
           5          11  -6.1071021364232203E-002   6.1071021364984698E-002  -6.1071021364984698E-002   6.1071021364232203E-002
           7           1  -1.2422376503876400E-002   1.2422376473697500E-002  -1.2422376473697500E-002   1.2422376503876400E-002
           7           3  -2.7267422137062201E-002   5.5811270684838703E-002  -5.5811270684838703E-002   2.7267422137062201E-002
           7           5  -9.4336062388242298E-002  0.10596216407660200      -0.10596216407660200        9.4336062388242298E-002
           7           7 -0.13229426098904801       0.13229426098838101      -0.13229426098838101       0.13229426098904801     
           7           9 -0.10596216407671701        9.4336062388563194E-002  -9.4336062388563194E-002  0.10596216407671701     
           7          11  -5.5811270684594502E-002   2.7267422137513299E-002  -2.7267422137513299E-002   5.5811270684594502E-002
           9           1  -1.5578871810392900E-002   2.4290195936164199E-002  -2.4290195936164199E-002   1.5578871810392900E-002
           9           3  -6.1071021364398501E-002   6.1071021365561300E-002  -6.1071021365561300E-002   6.1071021364398501E-002
           9           5 -0.10596216407722100        9.4336062388265404E-002  -9.4336062388265404E-002  0.10596216407722100     
           9           7  -9.4336062387492897E-002  0.10596216407724900      -0.10596216407724900        9.4336062387492897E-002
           9           9  -6.1071021364827303E-002   6.1071021363869500E-002  -6.1071021363869500E-002   6.1071021364827303E-002
           9          11  -2.4290195935820200E-002   1.5578871810413199E-002  -1.5578871810413199E-002   2.4290195935820200E-002
          11           1  -2.4290195936026000E-002   1.5578871810001100E-002  -1.5578871810001100E-002   2.4290195936026000E-002
          11           3  -5.5811270684615798E-002   2.7267422136962802E-002  -2.7267422136962802E-002   5.5811270684615798E-002
          11           5  -6.1071021364432702E-002   6.1071021364954403E-002  -6.1071021364954403E-002   6.1071021364432702E-002
          11           7  -2.7267422137122702E-002   5.5811270684500099E-002  -5.5811270684500099E-002   2.7267422137122702E-002
          11           9  -1.5578871810057900E-002   2.4290195936256500E-002  -2.4290195936256500E-002   1.5578871810057900E-002
          11          11  -4.8879149530014100E-011   4.8576719314580698E-011  -4.8576719314580698E-011   4.8879149530014100E-011
