           2           1  -9.9718478413200300E-003   1.8655332705573600E-002  -1.8655332705573600E-002   9.9718478413200300E-003
           2           3  -1.0281049125880000E-002   8.9713545708781893E-003  -8.9713545708781893E-003   1.0281049125880000E-002
           2           5  -1.0213184310762100E-002   1.0213184343911400E-002  -1.0213184343911400E-002   1.0213184310762100E-002
           2           7  -2.9830436285513399E-002   1.0690469529311001E-002  -1.0690469529311001E-002   2.9830436285513399E-002
           2           9  -4.3586847023731098E-002   3.4368284561045598E-002  -3.4368284561045598E-002   4.3586847023731098E-002
           2          11  -1.9484006407440600E-002   4.0468539113367501E-002  -4.0468539113367501E-002   1.9484006407440600E-002
           4           1  -2.3227719623467199E-002   2.3227719557257599E-002  -2.3227719557257599E-002   2.3227719623467199E-002
           4           3  -8.9713546845608203E-003   1.0281049250457700E-002  -1.0281049250457700E-002   8.9713546845608203E-003
           4           5  -4.3586847023767201E-002   3.4368284561095697E-002  -3.4368284561095697E-002   4.3586847023767201E-002
           4           7  -8.2645822194250707E-002   5.8393555557405399E-002  -5.8393555557405399E-002   8.2645822194250707E-002
           4           9  -7.7096766964249705E-002   8.7998419685881193E-002  -8.7998419685881193E-002   7.7096766964249705E-002
           4          11  -4.4084869670756602E-002   6.5343226260309598E-002  -6.5343226260309598E-002   4.4084869670756602E-002
           6           1  -1.8655333238477300E-002   9.9718484228781303E-003  -9.9718484228781303E-003   1.8655333238477300E-002
           6           3  -1.9484006407167801E-002   4.0468539113143097E-002  -4.0468539113143097E-002   1.9484006407167801E-002
           6           5  -7.7096766964535796E-002   8.7998419685778706E-002  -8.7998419685778706E-002   7.7096766964535796E-002
           6           7 -0.12422202922180101       0.12228830923375300      -0.12228830923375300       0.12422202922180101     
           6           9 -0.10753343398012200       0.10753343398014800      -0.10753343398014800       0.10753343398012200     
           6          11  -6.5343226260530199E-002   4.4084869670417699E-002  -4.4084869670417699E-002   6.5343226260530199E-002
           8           1  -9.9718484686965800E-003   1.8655333218865800E-002  -1.8655333218865800E-002   9.9718484686965800E-003
           8           3  -4.4084869670711201E-002   6.5343226260337395E-002  -6.5343226260337395E-002   4.4084869670711201E-002
           8           5 -0.10753343398043100       0.10753343397999800      -0.10753343397999800       0.10753343398043100     
           8           7 -0.12228830923282100       0.12422202922242000      -0.12422202922242000       0.12228830923282100     
           8           9  -8.7998419685698007E-002   7.7096766964226904E-002  -7.7096766964226904E-002   8.7998419685698007E-002
           8          11  -4.0468539113777603E-002   1.9484006407136299E-002  -1.9484006407136299E-002   4.0468539113777603E-002
          10           1  -2.3227719699315499E-002   2.3227719699211599E-002  -2.3227719699211599E-002   2.3227719699315499E-002
          10           3  -6.5343226260612897E-002   4.4084869669335197E-002  -4.4084869669335197E-002   6.5343226260612897E-002
          10           5  -8.7998419685415594E-002   7.7096766964561997E-002  -7.7096766964561997E-002   8.7998419685415594E-002
          10           7  -5.8393555557514597E-002   8.2645822193764207E-002  -8.2645822193764207E-002   5.8393555557514597E-002
          10           9  -3.4368284560999003E-002   4.3586847023894003E-002  -4.3586847023894003E-002   3.4368284560999003E-002
          10          11  -1.0281049249930899E-002   8.9713546853090707E-003  -8.9713546853090707E-003   1.0281049249930899E-002
          12           1  -1.8655333219402701E-002   9.9718484685306398E-003  -9.9718484685306398E-003   1.8655333219402701E-002
          12           3  -4.0468539113828202E-002   1.9484006407720200E-002  -1.9484006407720200E-002   4.0468539113828202E-002
          12           5  -3.4368284560732799E-002   4.3586847023967000E-002  -4.3586847023967000E-002   3.4368284560732799E-002
          12           7  -1.0690469529553000E-002   2.9830436285309500E-002  -2.9830436285309500E-002   1.0690469529553000E-002
          12           9  -1.0213184343994699E-002   1.0213184310286699E-002  -1.0213184310286699E-002   1.0213184343994699E-002
          12          11  -8.9713545714788095E-003   1.0281049125525001E-002  -1.0281049125525001E-002   8.9713545714788095E-003
