           2           2  -1.0213184057316801E-002   1.0213184056631399E-002  -1.0213184056631399E-002   1.0213184057316801E-002
           2           4  -8.9713546109207992E-003   1.0281049228307601E-002  -1.0281049228307601E-002   8.9713546109207992E-003
           2           6  -1.8655333219399800E-002   9.9718484685728803E-003  -9.9718484685728803E-003   1.8655333219399800E-002
           2           8  -4.0468539113578401E-002   1.9484006406846499E-002  -1.9484006406846499E-002   4.0468539113578401E-002
           2          10  -3.4368284560855999E-002   4.3586847023730599E-002  -4.3586847023730599E-002   3.4368284560855999E-002
           2          12  -1.0690469530894101E-002   2.9830436285045399E-002  -2.9830436285045399E-002   1.0690469530894101E-002
           4           2  -1.0281049228461500E-002   8.9713546110905592E-003  -8.9713546110905592E-003   1.0281049228461500E-002
           4           4  -2.3227719698797701E-002   2.3227719699975599E-002  -2.3227719699975599E-002   2.3227719698797701E-002
           4           6  -6.5343226260466097E-002   4.4084869670547797E-002  -4.4084869670547797E-002   6.5343226260466097E-002
           4           8  -8.7998419685661994E-002   7.7096766964423094E-002  -7.7096766964423094E-002   8.7998419685661994E-002
           4          10  -5.8393555557446797E-002   8.2645822193893506E-002  -8.2645822193893506E-002   5.8393555557446797E-002
           4          12  -3.4368284560939599E-002   4.3586847023376001E-002  -4.3586847023376001E-002   3.4368284560939599E-002
           6           2  -9.9718484685817899E-003   1.8655333218902101E-002  -1.8655333218902101E-002   9.9718484685817899E-003
           6           4  -4.4084869670711298E-002   6.5343226260268200E-002  -6.5343226260268200E-002   4.4084869670711298E-002
           6           6 -0.10753343397993700       0.10753343397974099      -0.10753343397974099       0.10753343397993700     
           6           8 -0.12228830923331301       0.12422202922200100      -0.12422202922200100       0.12228830923331301     
           6          10  -8.7998419685802798E-002   7.7096766964254701E-002  -7.7096766964254701E-002   8.7998419685802798E-002
           6          12  -4.0468539113805303E-002   1.9484006406804699E-002  -1.9484006406804699E-002   4.0468539113805303E-002
           8           2  -1.9484006407127101E-002   4.0468539113644897E-002  -4.0468539113644897E-002   1.9484006407127101E-002
           8           4  -7.7096766964876301E-002   8.7998419685306306E-002  -8.7998419685306306E-002   7.7096766964876301E-002
           8           6 -0.12422202922232800       0.12228830923292300      -0.12228830923292300       0.12422202922232800     
           8           8 -0.10753343397991900       0.10753343398006100      -0.10753343398006100       0.10753343397991900     
           8          10  -6.5343226260528006E-002   4.4084869670340900E-002  -4.4084869670340900E-002   6.5343226260528006E-002
           8          12  -1.8655333218579300E-002   9.9718484688752201E-003  -9.9718484688752201E-003   1.8655333218579300E-002
          10           2  -4.3586847023513703E-002   3.4368284561056797E-002  -3.4368284561056797E-002   4.3586847023513703E-002
          10           4  -8.2645822194143195E-002   5.8393555557330397E-002  -5.8393555557330397E-002   8.2645822194143195E-002
          10           6  -7.7096766964567506E-002   8.7998419685556495E-002  -8.7998419685556495E-002   7.7096766964567506E-002
          10           8  -4.4084869670493597E-002   6.5343226260576703E-002  -6.5343226260576703E-002   4.4084869670493597E-002
          10          10  -2.3227719699130199E-002   2.3227719699049298E-002  -2.3227719699049298E-002   2.3227719699130199E-002
          10          12  -8.9713546115931606E-003   1.0281049228143701E-002  -1.0281049228143701E-002   8.9713546115931606E-003
          12           2  -2.9830436285637502E-002   1.0690469529526500E-002  -1.0690469529526500E-002   2.9830436285637502E-002
          12           4  -4.3586847023711600E-002   3.4368284561058400E-002  -3.4368284561058400E-002   4.3586847023711600E-002
          12           6  -1.9484006406858101E-002   4.0468539113892303E-002  -4.0468539113892303E-002   1.9484006406858101E-002
          12           8  -9.9718484683925298E-003   1.8655333219223500E-002  -1.8655333219223500E-002   9.9718484683925298E-003
          12          10  -1.0281049228101800E-002   8.9713546114596997E-003  -8.9713546114596997E-003   1.0281049228101800E-002
          12          12  -1.0213184056623401E-002   1.0213184057339900E-002  -1.0213184057339900E-002   1.0213184056623401E-002
