           1           2  -1.8655332705984799E-002   9.9718478411215707E-003  -9.9718478411215707E-003   1.8655332705984799E-002
           1           4  -2.3227719557301602E-002   2.3227719624304002E-002  -2.3227719624304002E-002   2.3227719557301602E-002
           1           6  -9.9718484230691892E-003   1.8655333238453298E-002  -1.8655333238453298E-002   9.9718484230691892E-003
           1           8  -1.8655333219326099E-002   9.9718484687495498E-003  -9.9718484687495498E-003   1.8655333219326099E-002
           1          10  -2.3227719698871000E-002   2.3227719699398800E-002  -2.3227719699398800E-002   2.3227719698871000E-002
           1          12  -9.9718484687104005E-003   1.8655333218918699E-002  -1.8655333218918699E-002   9.9718484687104005E-003
           3           2  -8.9713545711853897E-003   1.0281049125153600E-002  -1.0281049125153600E-002   8.9713545711853897E-003
           3           4  -1.0281049250242501E-002   8.9713546851901103E-003  -8.9713546851901103E-003   1.0281049250242501E-002
           3           6  -4.0468539113899499E-002   1.9484006406807201E-002  -1.9484006406807201E-002   4.0468539113899499E-002
           3           8  -6.5343226260443199E-002   4.4084869670049702E-002  -4.4084869670049702E-002   6.5343226260443199E-002
           3          10  -4.4084869670336702E-002   6.5343226260618295E-002  -6.5343226260618295E-002   4.4084869670336702E-002
           3          12  -1.9484006407377800E-002   4.0468539114088702E-002  -4.0468539114088702E-002   1.9484006407377800E-002
           5           2  -1.0213184343557301E-002   1.0213184310835999E-002  -1.0213184310835999E-002   1.0213184343557301E-002
           5           4  -3.4368284560868198E-002   4.3586847024299200E-002  -4.3586847024299200E-002   3.4368284560868198E-002
           5           6  -8.7998419685317505E-002   7.7096766964389093E-002  -7.7096766964389093E-002   8.7998419685317505E-002
           5           8 -0.10753343397996100       0.10753343398038000      -0.10753343398038000       0.10753343397996100     
           5          10  -7.7096766964315194E-002   8.7998419685747606E-002  -8.7998419685747606E-002   7.7096766964315194E-002
           5          12  -4.3586847024045597E-002   3.4368284561881297E-002  -3.4368284561881297E-002   4.3586847024045597E-002
           7           2  -1.0690469530018501E-002   2.9830436285325099E-002  -2.9830436285325099E-002   1.0690469530018501E-002
           7           4  -5.8393555557670902E-002   8.2645822194705704E-002  -8.2645822194705704E-002   5.8393555557670902E-002
           7           6 -0.12228830923330800       0.12422202922215700      -0.12422202922215700       0.12228830923330800     
           7           8 -0.12422202922200599       0.12228830923315200      -0.12228830923315200       0.12422202922200599     
           7          10  -8.2645822193909702E-002   5.8393555557271597E-002  -5.8393555557271597E-002   8.2645822193909702E-002
           7          12  -2.9830436285005500E-002   1.0690469529512300E-002  -1.0690469529512300E-002   2.9830436285005500E-002
           9           2  -3.4368284560978901E-002   4.3586847023699297E-002  -4.3586847023699297E-002   3.4368284560978901E-002
           9           4  -8.7998419685892101E-002   7.7096766965328398E-002  -7.7096766965328398E-002   8.7998419685892101E-002
           9           6 -0.10753343398026100       0.10753343398006800      -0.10753343398006800       0.10753343398026100     
           9           8  -7.7096766964710295E-002   8.7998419685508603E-002  -8.7998419685508603E-002   7.7096766964710295E-002
           9          10  -4.3586847023507597E-002   3.4368284560758300E-002  -3.4368284560758300E-002   4.3586847023507597E-002
           9          12  -1.0213184310913200E-002   1.0213184343707601E-002  -1.0213184343707601E-002   1.0213184310913200E-002
          11           2  -4.0468539113677197E-002   1.9484006407173200E-002  -1.9484006407173200E-002   4.0468539113677197E-002
          11           4  -6.5343226260223500E-002   4.4084869671100799E-002  -4.4084869671100799E-002   6.5343226260223500E-002
          11           6  -4.4084869670649202E-002   6.5343226260326695E-002  -6.5343226260326695E-002   4.4084869670649202E-002
          11           8  -1.9484006407043598E-002   4.0468539114155003E-002  -4.0468539114155003E-002   1.9484006407043598E-002
          11          10  -8.9713546851062902E-003   1.0281049250287701E-002  -1.0281049250287701E-002   8.9713546851062902E-003
          11          12  -1.0281049125278399E-002   8.9713545712550892E-003  -8.9713545712550892E-003   1.0281049125278399E-002
